time (s)	theta (A)	maj axis/z0	min axis/z0	crossing#mod 255
3727.172625	27.393141	1.359455	0.181359	167
3729.236285	27.463543	1.358155	0.181457	169
3731.300279	27.561426	1.358806	0.181571	171
3733.363129	27.647242	1.356041	0.181599	173
3735.422933	28.048222	1.355482	0.181316	175
3737.485375	28.357473	1.357431	0.180987	177
3739.548637	28.691437	1.355054	0.180615	179
3741.612166	29.077736	1.354167	0.179735	181
3743.673535	29.043901	1.349706	0.178891	183
3745.737091	28.909977	1.346991	0.178590	185
3747.800569	29.026646	1.346309	0.178242	187
3749.863341	29.066151	1.345226	0.177592	189
3751.926573	29.088661	1.343060	0.177365	191
3753.988477	29.114897	1.342710	0.177238	193
3756.052013	29.307331	1.342063	0.177125	195
3758.115896	29.381161	1.342261	0.177201	197
3760.179618	29.249683	1.341582	0.176945	199
3762.243129	29.308144	1.338016	0.176610	201
3764.303885	29.694368	1.336935	0.176618	203
3766.365307	29.878944	1.337909	0.176765	205
3768.428108	30.009867	1.334304	0.177095	207
3770.493154	29.871899	1.336989	0.177326	209
3772.555366	29.552765	1.330992	0.177392	211
3774.620270	29.580074	1.329581	0.177367	213
3776.683756	29.567295	1.327587	0.177528	215
3778.746389	29.524141	1.325954	0.177056	217
3780.811343	29.506895	1.322135	0.176000	219
3782.873920	29.562536	1.322903	0.175376	221
3784.936783	29.751837	1.320288	0.174369	223
3787.000019	30.051115	1.319761	0.174199	225
3789.062038	30.031179	1.317739	0.173437	227
3791.125738	29.979607	1.314620	0.173196	229
3793.188525	30.076241	1.313075	0.172798	231
3795.252592	30.149076	1.310596	0.172604	233
3797.316321	30.302521	1.309221	0.172634	235
3799.379290	30.368309	1.308322	0.172510	237
3801.439520	30.331892	1.305339	0.172489	239
3803.502833	30.442356	1.304767	0.172706	241
3805.566193	30.511236	1.303176	0.172717	243
3807.628609	30.798191	1.301453	0.172757	245
3809.690593	31.060116	1.304695	0.172511	247
3811.753906	31.211004	1.302201	0.172269	249
3813.816328	31.459583	1.300276	0.171708	251
3815.878936	31.593290	1.299679	0.171359	253
3817.941978	31.618534	1.297366	0.170988	255
3820.003688	31.588795	1.294537	0.170402	1
3822.067549	31.678354	1.290078	0.170063	3
3824.131446	31.893274	1.286928	0.168897	5
3826.193044	31.885180	1.287360	0.168807	7
3828.256843	31.838377	1.283842	0.168109	9
3830.318190	31.962957	1.282188	0.168011	11
3832.382086	32.005898	1.283003	0.168098	13
3834.445386	32.032173	1.282808	0.168036	15
3836.508334	32.261551	1.280136	0.167915	17
3838.571904	32.379620	1.280666	0.167777	19
3840.635037	32.154694	1.277422	0.167773	21
3842.696427	32.158886	1.274815	0.167822	23
3844.760957	32.214451	1.272951	0.167518	25
3846.823311	32.162319	1.271602	0.167744	27
3848.887889	32.232243	1.268597	0.167711	29
3850.951626	32.328560	1.268275	0.167308	31
3853.015346	32.276276	1.265455	0.167063	33
3855.078612	32.372795	1.263769	0.166473	35
3857.141724	32.198532	1.264424	0.166379	37
3859.205236	32.064724	1.260623	0.166028	39
3861.267471	32.227276	1.259719	0.165584	41
3863.330500	32.257717	1.259819	0.165624	43
3865.391898	32.274303	1.257912	0.165328	45
3867.455572	32.351429	1.256764	0.164993	47
3869.518208	32.303333	1.256487	0.165257	49
3871.581147	32.392620	1.254143	0.165181	51
3873.643925	32.642933	1.252625	0.165112	53
3875.706367	32.815823	1.252608	0.165310	55
3877.768000	32.919109	1.250839	0.165032	57
3879.832550	33.235535	1.248134	0.164599	59
3881.894151	33.359497	1.248372	0.164088	61
3883.956951	33.505001	1.245698	0.163901	63
3886.019077	33.872986	1.244157	0.163327	65
3888.080216	34.002460	1.242930	0.162659	67
3890.142346	34.094856	1.239753	0.162373	69
3892.207344	34.140736	1.237912	0.161793	71
3894.269581	34.158451	1.235202	0.161344	73
3896.335078	34.126472	1.234881	0.160985	75
3898.394446	34.250263	1.231205	0.160981	77
3900.458073	34.243145	1.234760	0.160887	79
3902.521166	34.188301	1.231700	0.161049	81
3904.584970	34.460548	1.229671	0.160185	83
3906.646945	34.595428	1.228579	0.160351	85
3908.710071	34.361446	1.229430	0.160329	87
3910.774301	34.338692	1.225777	0.160143	89
3912.837033	34.265198	1.223863	0.160021	91
3914.898874	34.324039	1.220187	0.159845	93
3916.962792	34.290386	1.218580	0.159641	95
3919.027024	34.367088	1.214797	0.159599	97
3921.090520	34.391151	1.214637	0.159471	99
3923.152656	34.229240	1.212176	0.159304	101
3925.215897	34.363678	1.209484	0.159196	103
3927.280153	34.300804	1.212096	0.158986	105
3929.342855	34.152752	1.208566	0.159122	107
3931.405067	34.260166	1.208681	0.158952	109
3933.469052	34.264370	1.206363	0.158603	111
3935.532610	34.338932	1.206067	0.158451	113
3937.594416	34.563480	1.204299	0.158430	115
3939.658008	34.480804	1.205776	0.158237	117
3941.719966	34.291473	1.198067	0.158181	119
3943.782902	34.444199	1.196523	0.157732	121
3945.846177	34.597034	1.194881	0.158112	123
3947.907840	34.627140	1.195345	0.157943	125
3949.972138	34.662834	1.193008	0.158220	127
3952.032365	35.095856	1.192920	0.157775	129
3954.094274	35.147263	1.195299	0.157808	131
3956.158067	35.137714	1.193039	0.157619	133
3958.219345	35.470585	1.191557	0.157066	135
3960.281541	35.883610	1.189581	0.156747	137
3962.343898	36.102894	1.189933	0.156266	139
3964.406489	36.245445	1.187248	0.156185	141
3966.469783	36.185322	1.188070	0.156048	143
3968.534014	36.086578	1.184114	0.155927	145
3970.597070	36.255482	1.182958	0.155741	147
3972.660611	36.329964	1.183223	0.155568	149
3974.721779	36.128433	1.181484	0.155714	151
3976.784211	36.261501	1.177797	0.155696	153
3978.846859	36.375137	1.179998	0.155220	155
3980.908790	36.256435	1.176131	0.154948	157
3982.971104	36.282646	1.174701	0.154912	159
3985.035082	36.367710	1.172487	0.154580	161
3987.099337	36.464890	1.170436	0.154361	163
3989.162193	36.407124	1.169008	0.154479	165
3991.224889	36.231621	1.169013	0.154727	167
3993.289066	35.983261	1.167177	0.155541	169
3995.354180	36.245548	1.166012	0.155761	171
3997.414373	36.604797	1.167004	0.155614	173
3999.478031	36.569851	1.165779	0.155197	175
4001.540512	36.499947	1.162336	0.154471	177
4003.602650	36.610687	1.161321	0.154460	179
4005.667502	36.463646	1.158471	0.154406	181
4007.732344	36.315338	1.157737	0.154374	183
4009.792109	36.179527	1.154425	0.154374	185
4011.855518	36.350922	1.150208	0.154039	187
4013.918985	36.494354	1.148793	0.153625	189
4015.980750	36.825180	1.145067	0.153314	191
4018.042116	37.107651	1.146853	0.153136	193
4020.105341	36.995049	1.146045	0.153191	195
4022.167404	37.156006	1.142748	0.153078	197
4024.229534	37.555901	1.141963	0.152596	199
4026.292030	37.555641	1.143088	0.152428	201
4028.354367	37.618103	1.139030	0.152068	203
4030.415169	37.905041	1.137440	0.151427	205
4032.478908	38.007156	1.134369	0.150820	207
4034.540593	38.089775	1.132738	0.151092	209
4036.603878	38.228783	1.132553	0.151509	211
4038.668109	38.093220	1.133379	0.151293	213
4040.729904	38.117729	1.129499	0.151472	215
4042.790860	38.282490	1.131184	0.151436	217
4044.856355	38.098675	1.130737	0.151427	219
4046.920181	38.024082	1.127446	0.151136	221
4048.981791	38.012131	1.125626	0.151259	223
4051.044847	38.028568	1.123460	0.151231	225
4053.107921	38.202007	1.121727	0.151176	227
4055.170284	38.165951	1.122036	0.150737	229
4057.233812	38.224270	1.116905	0.150495	231
4059.297457	38.151459	1.118328	0.150362	233
4061.361153	37.861931	1.113867	0.150438	235
4063.423017	37.815243	1.112770	0.150723	237
