crossing time (s)	slope (V/s)	crossing number
7850.159846	26.202366	4133
7851.208919	23.571890	4134
7852.210022	23.374672	4135
7853.323449	26.433028	4136
7854.322086	23.288592	4137
7855.376718	25.092127	4138
7856.397380	24.652250	4139
7857.403146	24.156087	4140
7858.455132	23.872521	4141
7859.508230	24.145918	4142
7860.511311	24.493233	4143
7861.572223	24.377640	4144
7862.571484	23.639334	4145
7863.599312	23.150794	4146
7864.611533	22.979822	4147
7865.685739	24.782486	4148
7866.667051	22.810282	4149
7867.735939	23.529631	4150
7868.755900	23.123273	4151
7869.801693	20.983041	4152
7870.842498	24.476795	4153
7871.834587	24.464562	4154
7872.866351	23.662272	4155
7873.924879	22.896621	4156
7874.960454	24.043209	4157
7875.971550	25.275431	4158
7877.057401	24.158757	4159
7878.051670	23.954173	4160
7879.055862	22.866541	4161
7880.109724	23.174234	4162
7881.140309	25.186132	4163
7882.163970	22.568798	4164
7883.181086	22.879086	4165
7884.239779	23.564799	4166
7885.262648	20.544031	4167
7886.280187	25.601543	4168
7887.313725	23.145401	4169
7888.379634	23.113485	4170
7889.331351	25.062269	4171
7890.415018	23.395161	4172
7891.409801	23.160329	4173
7892.517988	22.846532	4174
7893.533438	23.552995	4175
7894.584663	22.311152	4176
7895.568831	24.355435	4177
7896.595839	21.924017	4178
7897.629897	22.577566	4179
7898.671020	22.900159	4180
7899.697105	22.944894	4181
7900.715881	24.617240	4182
7901.753509	25.153635	4183
7902.777492	23.321047	4184
7903.837940	22.039448	4185
7904.872664	26.317834	4186
7905.913907	23.942108	4187
7906.965826	23.415633	4188
7907.962020	22.518799	4189
7909.000994	23.568324	4190
7909.992978	21.936476	4191
7911.045026	22.346800	4192
7912.071005	23.066209	4193
7913.075019	23.964646	4194
7914.128051	21.466302	4195
7915.190345	23.472725	4196
7916.202698	24.717878	4197
7917.219894	23.494924	4198
7918.275275	22.137098	4199
7919.330918	23.113864	4200
7920.360167	22.912356	4201
7921.351200	23.293626	4202
7922.401772	22.731965	4203
7923.405409	21.680515	4204
7924.458771	22.616962	4205
7925.475000	24.322039	4206
7926.518578	21.890010	4207
7927.544325	21.345295	4208
7928.593246	21.827740	4209
7929.638743	22.520263	4210
7930.655594	21.593767	4211
7931.686279	21.602153	4212
7932.690838	21.950065	4213
7933.764973	22.417014	4214
7934.793621	23.046355	4215
7935.815290	21.244550	4216
7936.839451	21.537138	4217
7937.881623	21.741793	4218
7938.917326	22.550002	4219
7939.924134	21.746220	4220
7940.965306	22.407512	4221
7941.974489	21.569442	4222
7943.060650	22.597341	4223
7944.012854	21.327108	4224
7945.071975	23.389516	4225
7946.095429	21.696151	4226
7947.118695	22.236498	4227
7948.190894	22.551119	4228
7949.211375	22.650066	4229
7950.253617	22.006502	4230
7951.269439	23.084088	4231
7952.271885	19.968198	4232
7953.341322	19.502385	4233
7954.374843	21.211356	4234
7955.395523	21.488305	4235
7956.440612	20.320420	4236
7957.453281	21.735027	4237
7958.511802	20.851629	4238
7959.500621	22.158731	4239
7960.579447	20.645653	4240
7961.588160	21.802888	4241
7962.650767	22.446226	4242
7963.664268	22.054900	4243
7964.702504	22.510523	4244
7965.723793	21.374695	4245
7966.748469	20.048299	4246
7967.796225	20.617412	4247
7968.842163	21.716556	4248
7969.841122	20.834571	4249
7970.876641	22.420693	4250
7971.914351	20.547687	4251
7972.974814	22.691438	4252
7973.955347	23.757928	4253
7975.038705	22.019655	4254
7976.011506	22.057640	4255
7977.074926	22.032244	4256
7978.109786	20.385058	4257
7979.119764	19.890342	4258
7980.139359	21.235397	4259
7981.177851	20.093501	4260
7982.196934	21.210136	4261
7983.257144	23.357735	4262
7984.302862	20.055774	4263
7985.343501	22.425990	4264
7986.336879	20.788828	4265
7987.376392	20.924082	4266
7988.389744	21.152624	4267
7989.446340	21.485433	4268
7990.470424	19.133086	4269
7991.483739	22.017102	4270
7992.528512	20.253137	4271
7993.600333	21.466532	4272
7994.611174	20.908199	4273
7995.644048	19.377550	4274
7996.620890	22.931932	4275
7997.714679	21.422297	4276
7998.720808	19.589093	4277
7999.765778	21.893051	4278
8000.770977	21.956232	4279
8001.851532	21.061588	4280
8002.842689	22.537368	4281
8003.884769	20.587350	4282
8004.898513	20.883641	4283
8005.923376	21.107626	4284
8006.970821	21.446179	4285
8008.068933	19.532441	4286
8009.036455	20.125567	4287
8010.097444	19.815944	4288
8011.147771	22.162172	4289
8012.158411	22.246177	4290
8013.169912	20.919113	4291
8014.228050	19.116582	4292
8015.180145	19.312206	4293
8016.279389	19.893653	4294
8017.287539	20.786048	4295
8018.352113	20.710799	4296
8019.358244	19.040481	4297
8020.383351	20.498712	4298
8021.398941	18.971523	4299
8022.456371	18.878577	4300
8023.511605	19.709790	4301
8024.494589	22.289584	4302
8025.532419	18.262925	4303
8026.570322	20.537231	4304
8027.554606	20.109092	4305
8028.646936	21.238408	4306
8029.671255	19.829098	4307
8030.722282	20.347130	4308
8031.727566	19.606454	4309
8032.729267	19.728437	4310
8033.785165	18.928582	4311
8034.841289	19.137461	4312
8035.853653	19.235162	4313
8036.888737	21.314318	4314
8037.920145	21.854668	4315
8038.980019	18.917894	4316
8039.968077	20.267403	4317
8041.039412	19.657333	4318
8042.022546	19.085382	4319
8043.016839	19.216497	4320
8044.064420	21.367442	4321
8045.149325	18.866556	4322
8046.169643	19.631640	4323
8047.184945	18.911379	4324
8048.264366	19.409381	4325
8049.288843	18.898940	4326
8050.255267	19.386815	4327
8051.360465	19.131691	4328
8052.355941	20.949315	4329
8053.406871	20.313405	4330
8054.413209	18.733930	4331
8055.437254	18.254184	4332
8056.510246	18.458009	4333
8057.508882	18.166437	4334
8058.559044	19.631171	4335
8059.586095	18.817154	4336
8060.606974	20.061673	4337
8061.649698	19.041224	4338
8062.696555	18.788968	4339
8063.750972	20.266649	4340
8064.725155	18.800062	4341
8065.730543	18.415708	4342
8066.740357	18.120180	4343
8067.820260	18.134141	4344
8068.831219	17.974264	4345
8069.929570	19.676347	4346
8070.884506	18.626605	4347
8071.988062	18.658225	4348
8072.976516	18.316421	4349
8074.006706	19.295487	4350
8075.041299	18.684687	4351
8076.062633	19.027017	4352
8077.057074	19.410570	4353
8078.155535	18.535011	4354
8079.150391	18.690729	4355
8080.192998	18.536850	4356
8081.206984	16.778824	4357
8082.260131	18.031858	4358
8083.298081	18.602778	4359
8084.331918	17.187053	4360
8085.336724	18.685132	4361
8086.357617	19.141110	4362
8087.405736	18.325338	4363
8088.444244	15.709558	4364
8089.500187	19.149679	4365
8090.499056	18.376272	4366
8091.498453	17.629424	4367
8092.587748	17.883569	4368
8093.575197	16.444623	4369
8094.644870	17.590390	4370
8095.677389	20.225643	4371
8096.715387	17.997040	4372
8097.726695	16.365160	4373
8098.765782	16.510232	4374
8099.763101	20.886917	4375
8100.844770	18.283353	4376
8101.880479	18.757437	4377
8102.923129	17.286218	4378
8103.885881	16.622350	4379
8104.942172	17.711067	4380
8106.013893	18.783624	4381
8107.041915	19.895402	4382
8108.054820	18.622399	4383
8109.036480	18.527730	4384
8110.083633	18.283357	4385
8111.138130	17.331757	4386
8112.170640	17.916246	4387
8113.215378	19.282653	4388
8114.254925	18.152740	4389
8115.295453	18.249999	4390
8116.303933	18.973399	4391
8117.343568	16.837172	4392
8118.337342	18.689517	4393
8119.408418	17.651942	4394
8120.440110	17.192911	4395
8121.449954	19.241439	4396
8122.518308	17.583660	4397
8123.537313	18.367337	4398
8124.543604	20.472124	4399
8125.553405	18.609031	4400
8126.642870	18.131238	4401
8127.666434	16.868159	4402
8128.675617	15.760869	4403
8129.709601	17.655617	4404
8130.775474	17.284972	4405
8131.777626	17.511924	4406
8132.807182	17.346523	4407
8133.852299	16.854911	4408
8134.863216	17.305862	4409
8135.881047	17.132161	4410
8136.955402	16.334751	4411
8137.927938	17.263850	4412
8138.965221	18.360240	4413
8140.019089	16.981138	4414
8141.068076	16.610924	4415
8142.125476	17.256906	4416
8143.134828	18.551750	4417
8144.131167	17.869524	4418
8145.164028	17.157749	4419
8146.196007	16.401990	4420
8147.255214	16.316600	4421
8148.267804	16.902673	4422
8149.309627	17.603284	4423
8150.326744	18.613046	4424
8151.352555	17.581524	4425
8152.420040	18.231378	4426
8153.406839	18.346728	4427
8154.485954	16.655622	4428
8155.489756	16.875542	4429
8156.495903	18.033371	4430
8157.560103	15.647446	4431
8158.596496	15.276228	4432
8159.611482	17.918614	4433
8160.710777	17.678300	4434
